Date,ET,Radn,MinT,MaxT,VP,WindRun,Rain
2015-06-01,1.62,6.5,7,18.7,1.08,442,0
2015-06-02,0.57,3.6,10.3,14.8,1.33,500,0
2015-06-03,0.26,2.5,7.4,11.8,1.12,287,10.9
2015-06-04,0.36,3.9,1.1,9,0.83,600,5.3
2015-06-05,0.25,4.1,-2.2,8.7,0.71,196,4.7
2015-06-06,0.15,6.3,-2.4,9.1,0.73,123,0
2015-06-07,0.58,6.7,1.6,13.5,0.87,255,0
2015-06-08,1.67,6.4,6,17.8,0.92,411,0
2015-06-09,3.09,2.6,13.7,19.6,1.04,570,0
2015-06-10,1.44,6.5,7.7,16.6,0.97,399,0
2015-06-11,0.54,6.1,0.2,10.7,0.69,208,0
2015-06-12,2.05,4,1.1,18.1,0.76,455,1.3
2015-06-13,0.71,5.3,-0.7,12.6,0.72,253,0
2015-06-14,0.37,5.8,2.9,12.7,0.91,194,0
2015-06-15,0.79,4.2,3,9.4,0.7,321,4.5
2015-06-16,0.63,6,-0.9,10.9,0.68,284,0
2015-06-17,1.33,6.2,-1.8,13.1,0.61,402,0
2015-06-18,1.81,1.6,1.7,17.2,0.79,423,15.1
2015-06-19,0.06,2.5,1,6.5,0.77,160,18.4
2015-06-20,0.18,3.9,3.6,9.4,0.89,203,1.6
2015-06-21,0.87,6.5,1.7,13.3,0.78,323,0
2015-06-22,0.57,2.6,2,5.3,0.69,621,5.4
2015-06-23,0.17,6.4,-3.1,7.3,0.63,171,0
2015-06-24,0.2,4.1,-2.5,6.9,0.65,208,0
2015-06-25,0.53,5.7,-3.9,12.8,0.64,133,0
2015-06-26,1.46,6,-0.5,17.4,0.76,356,8
2015-06-27,0.47,6.1,-1.3,10.3,0.69,239,0
2015-06-28,1.22,6.4,-1.7,17.3,0.75,294,0
2015-06-29,1.77,4.7,4.6,18.5,0.84,365,0
2015-06-30,0.98,6,1.3,14.7,0.83,359,0
2015-07-01,0.74,2.5,6,12.1,0.9,282,0
2015-07-02,0.91,5.7,5.2,12.9,0.89,382,0
2015-07-03,1.01,2.4,5.5,14.1,0.94,378,0.3
2015-07-04,0.32,6.6,2.7,10.1,0.88,383,0
2015-07-05,1.33,5.6,2.6,16.6,0.88,393,0
2015-07-06,0.6,6.5,-0.4,11.3,0.72,261,0
2015-07-07,0.6,5.2,-2.2,7.8,0.55,225,0
2015-07-08,1.15,4.8,0.1,7.6,0.61,619,8.5
2015-07-09,0.31,3.2,2.3,6.6,0.78,534,6.9
2015-07-10,0.29,4.3,-2.2,8.6,0.72,289,2.3
2015-07-11,0.24,7.5,-4.9,7.5,0.57,95,0
2015-07-12,0.28,7.6,-6.2,8.3,0.57,103,0
2015-07-13,0.16,7.3,-4.2,9.7,0.78,415,0.1
2015-07-14,1.22,5.1,3.2,12,0.78,475,0
2015-07-15,1.27,2.7,9.2,13.7,1.02,460,0
2015-07-16,0.16,2.9,4.7,10.4,1.01,252,3
2015-07-17,0.19,4.4,2.5,10.4,0.93,198,0
2015-07-18,0.4,1.4,2.7,7.6,0.8,437,7.4
2015-07-19,1.59,6.5,0.1,9.5,0.6,615,0
2015-07-20,0.89,4.4,-2,9.3,0.63,402,0
2015-07-21,0.68,4.2,-1.3,12.3,0.7,169,0
2015-07-22,0.72,6,1.2,13.8,0.82,171,0
2015-07-23,0.76,7.5,2.5,12.6,0.93,458,0
2015-07-24,0.71,7.1,1.4,13.7,0.9,263,0
2015-07-25,1.07,7.9,7.3,11.3,1,655,0
2015-07-26,2.46,7,6.8,20.2,0.9,425,0
2015-07-27,1.22,4.3,5.4,16.4,1.02,366,1.9
2015-07-28,0.74,6.4,4.6,14.1,1.02,280,6
2015-07-29,1.02,7.6,1.7,11.3,0.81,478,0.2
2015-07-30,0.68,8.5,-2.5,10.2,0.67,201,0
2015-07-31,0.95,7.6,1.9,11.5,0.8,348,0
2015-08-01,0.76,5.6,3.6,13,0.95,318,0
2015-08-02,1.86,7.1,5.7,18.7,0.96,351,0
2015-08-03,2.14,7.3,5.5,21.4,1.09,405,0
2015-08-04,1.8,8.4,2.6,19.5,0.99,365,0
2015-08-05,0.93,9.5,-0.8,11.6,0.79,362,0
2015-08-06,1.08,8.1,-0.2,13,0.69,193,0
2015-08-07,0.85,7.8,0.2,11.6,0.81,316,0.4
2015-08-08,1.03,9.3,0,8.9,0.7,432,11.9
2015-08-09,0.61,6.1,-1.9,6.3,0.63,326,4.6
2015-08-10,0.89,7.5,1.2,7.6,0.69,372,1.1
2015-08-11,0.77,10.1,-1.5,8.8,0.65,138,0
2015-08-12,0.67,8,0.5,8.2,0.74,259,0
2015-08-13,1.45,9.3,5.6,12,0.95,613,0.3
2015-08-14,1.05,4.5,9.2,11.3,1.1,705,0.1
2015-08-15,0.69,4.8,9.5,12.3,1.22,544,8.5
2015-08-16,0.58,3,5.3,10.3,0.97,466,3
2015-08-17,1.08,11.2,0,12.3,0.88,379,0
2015-08-18,1.82,5.2,6.7,16.5,0.92,359,0
2015-08-19,1.12,8.8,4.6,13.6,0.95,213,0.2
2015-08-20,1.22,10.8,-0.8,11.7,0.74,261,0
2015-08-21,1.24,11.9,-2.4,12.6,0.74,201,0
2015-08-22,1.13,11.9,0,12,0.86,292,0
2015-08-23,1.68,12.9,-2.2,15.3,0.76,228,0.1
2015-08-24,1.47,6.8,1.8,15.7,0.86,280,0
2015-08-25,0.56,5.4,0.8,8.6,0.81,327,0.9
2015-08-26,1.1,9.6,-0.7,11.2,0.79,306,0
2015-08-27,1.42,13.1,0.5,11.5,0.83,377,0
2015-08-28,0.21,3.7,-1.8,7.6,0.8,136,0
2015-08-29,0.62,3.4,2.7,12.3,0.97,336,2
2015-08-30,0.21,3,3.2,9.5,0.98,289,0.3
2015-08-31,0.67,6.2,4.3,8.4,0.86,181,0
2015-09-01,0.48,3.5,2,10,0.9,357,1.8
2015-09-02,2.26,9.2,5.8,17.8,0.98,370,0
2015-09-03,1.34,10,4.2,11.1,0.93,482,0.1
2015-09-04,1.1,5.4,2.2,10.4,0.79,374,0.1
2015-09-05,3.02,11.9,2.4,17.8,0.79,448,0.6
2015-09-06,2.34,14,1,10.2,0.65,524,1.2
2015-09-07,2.83,14.4,1.4,10.9,0.65,651,0
2015-09-08,1.75,15.9,-2.6,11.7,0.71,225,0
2015-09-09,1.77,15.3,-1.2,13.4,0.86,290,0
2015-09-10,2.31,7.3,3.9,19.2,0.99,393,11.1
2015-09-11,2.06,12.3,1.8,12.6,0.72,314,0.4
2015-09-12,2.32,15.8,2.9,12.7,0.8,354,0
2015-09-13,1.94,13.8,0.9,13.6,0.88,380,0
2015-09-14,2.01,15,4.4,11.9,0.88,323,0
2015-09-15,2.53,10.1,7.2,22.2,1.14,238,0
2015-09-16,3.64,15.6,8.4,22.1,0.96,286,0
2015-09-17,2.25,6.5,7.7,19.7,1.08,334,0.3
2015-09-18,2.69,14.3,6.7,16.3,1.05,434,3.7
2015-09-19,2.05,10.3,5.2,9.7,0.83,662,3.3
2015-09-20,1.5,9.1,4.3,8.7,0.81,477,21
2015-09-21,1.36,11.9,0.7,8.9,0.74,201,0.1
2015-09-22,1.15,12.4,0.2,10.1,0.9,268,2.2
2015-09-23,0.78,6,7.9,12.3,1.18,191,6.1
2015-09-24,1.17,9.5,5.9,11.2,1.01,164,0
2015-09-25,1.77,13.8,0.6,13.2,0.87,186,0
2015-09-26,2.14,15.6,5.5,11.1,0.9,310,1.1
2015-09-27,2.63,20.6,2.8,11.8,0.89,450,0
2015-09-28,2.19,19.6,-0.1,13.2,0.94,232,0
2015-09-29,3.09,19.1,7.8,15,1.07,402,0
2015-09-30,3.63,20.3,8.3,15.8,1.06,473,0
2015-10-01,4.25,17.1,7.7,22,1.04,394,0
2015-10-02,4.12,18.8,3.2,20.7,0.94,402,0
2015-10-03,3.08,21.2,4.6,15.4,1.07,420,0
2015-10-04,5.06,14.2,10.4,24.1,1.04,501,0
2015-10-05,5.54,21.4,8.5,15.6,0.75,689,0
2015-10-06,4.82,19.7,4.7,26.4,1.06,302,0
2015-10-07,7.57,20.2,13.6,26.5,0.95,621,0
2015-10-08,3.22,18.1,3.4,15.4,0.85,361,0
2015-10-09,3.79,22.9,1.1,16.3,0.84,378,0
2015-10-10,4.31,22.8,3.8,18.1,0.95,460,0
2015-10-11,4.85,23.1,4.6,22.3,0.98,345,0
2015-10-12,3.78,13.2,5.6,23,1.05,364,0
2015-10-13,3.37,17,7.1,17.6,1.04,346,0.1
2015-10-14,3.4,21,5.3,15.3,1,378,0
2015-10-15,3.7,22.7,4.3,16.2,1.05,477,0
2015-10-16,5.77,21.4,8.6,26.6,1.13,391,0
2015-10-17,4.03,11.3,8.8,21,1.1,562,0
2015-10-18,6.54,24.1,7.5,22.6,1.02,655,0
2015-10-19,3.5,21.1,5,16.5,1,298,0
2015-10-20,4.41,23.2,1.5,20.4,0.97,340,0
2015-10-21,5.13,19.1,7.4,23.8,1.11,455,0
2015-10-22,5.52,19.7,7.7,22,0.99,538,0.9
2015-10-23,2.48,14.5,6.4,15.2,1.1,347,0
2015-10-24,4.05,22.8,7.9,15.2,1.05,485,0
2015-10-25,3.44,19.1,3.9,15.6,0.91,376,0
2015-10-26,5.74,24.8,8.8,22.5,1.06,409,0
2015-10-27,2.35,10.3,8.2,13.6,0.99,400,2.9
2015-10-28,1.51,8.5,8.2,12.4,1.12,393,2.2
2015-10-29,1.29,7.2,6.6,11.1,0.98,265,4.4
2015-10-30,3.62,24.4,3.9,14.6,0.84,170,0
2015-10-31,4.24,27.6,2,16.4,0.91,277,0
2015-11-01,4.69,26.8,6.7,17.2,1.08,424,0
2015-11-02,5.91,28.3,6.1,25.1,1.19,296,0
2015-11-03,4.25,13,6.6,20.6,1.02,554,3.4
2015-11-04,2.28,16.2,1,11.3,0.84,346,1.5
2015-11-05,4.17,29.4,-1.7,15.5,0.85,260,0
2015-11-06,4.22,26.5,5.3,16.1,1.1,432,0
2015-11-07,4.72,26.7,9.5,18.9,1.3,332,0
2015-11-08,3.2,14.7,10.5,21.7,1.36,200,0.1
2015-11-09,4.41,24.6,10.3,18.8,1.34,321,0
2015-11-10,5.12,25.7,10.3,20.8,1.42,473,0
2015-11-11,1.83,7,7.6,15.3,1.1,386,2.9
2015-11-12,3.4,20.2,6.5,12.3,0.92,416,3
2015-11-13,4.57,26.3,6.7,15,0.93,377,0
2015-11-14,4.27,14.4,9.1,19.5,1.04,504,0
2015-11-15,3.63,17.5,7.6,15.8,0.99,403,2.9
2015-11-16,4.75,30.9,2,16.5,1.04,442,0
2015-11-17,3.58,18.6,7.5,16.8,1.13,409,0
2015-11-18,4.43,23.8,7.1,13.2,0.85,461,0.4
2015-11-19,4.24,28.5,0,14.6,0.94,570,0
2015-11-20,6.3,21.2,9.7,25.3,1.02,436,0
2015-11-21,4.19,24.8,7.9,16.1,1.17,409,0
2015-11-22,5.42,29.5,5.5,17.9,1.04,471,0
2015-11-23,7.15,28.5,7.1,24.4,1.02,487,0
2015-11-24,8.28,28.5,15.7,26.1,1.28,554,0
2015-11-25,7.02,28.7,11.3,30,1.52,283,0
2015-11-26,6.84,28.5,9.2,28,1.44,362,0
2015-11-27,5.64,16.4,9,27.8,1.61,683,0
2015-11-28,7.61,32.5,9.5,24.7,1.29,516,0
2015-11-29,3.84,20.8,9,16,1.2,477,0.2
2015-11-30,4.4,20,12.1,18.6,1.38,561,0
2015-12-01,5.17,11,12.3,28.7,1.32,458,0
2015-12-02,5.17,11,12.3,28.7,1.32,458,0
2015-12-03,5.17,11,12.3,28.7,1.32,458,0
2015-12-04,6.93,32.6,8.7,23.1,1.28,456,0
2015-12-05,5.67,20.5,9.5,27,1.31,366,0.5
2015-12-06,3.81,20.6,7.7,15.4,1.04,369,4.6
2015-12-07,4.82,26.2,6.3,18.2,1.07,351,0.8
2015-12-08,5.69,32.2,5.5,19.5,1.12,336,0
2015-12-09,5,26.9,10.7,17.8,1.28,408,0
2015-12-10,7.06,24.8,11.9,28.6,1.49,466,0
2015-12-11,4.92,23.1,7.9,18.5,1.2,637,0
2015-12-12,5.83,18.2,13.5,24.6,1.45,607,0
2015-12-13,4.4,15.7,6.2,20.2,0.97,454,16.3
2015-12-14,5.98,28.1,4.7,24.8,1.1,265,0
2015-12-15,6.39,25.5,10.1,24.6,1.28,447,0.8
2015-12-16,3.04,17,7.7,14.9,1.03,240,7.2
2015-12-17,4.08,23.8,7.3,14.6,1.05,414,19.6
2015-12-18,5.03,28.4,3.5,20.2,1.08,247,0
2015-12-19,3.37,18,9.4,15.5,1.11,302,0
2015-12-20,3.82,19,9.5,17.8,1.31,529,0
2015-12-21,9.21,28.8,14.5,35,1.63,447,0
2015-12-22,2.98,6.9,8.8,22.6,1.28,444,1.8
2015-12-23,4.39,26.7,3.6,17.6,1.07,287,0
2015-12-24,5.45,30.5,11.1,19,1.33,280,0
2015-12-25,6.09,32.6,10,22.2,1.44,280,1.4
2015-12-26,5.45,31.4,7.9,20.8,1.4,274,0
2015-12-27,6.8,33.4,12.8,18.3,1.4,785,0
2015-12-28,7.16,34.6,13.4,19.6,1.48,746,0
2015-12-29,5.72,34.3,5.5,19.3,1.13,260,0
2015-12-30,2.67,16.1,4,16.5,1.15,310,1.3
2015-12-31,5.95,31.8,10.6,19.6,1.33,398,0
2016-01-01,6.25,31.1,12.4,23.2,1.6,352,0
2016-01-02,1.53,6.9,15,18.4,1.69,242,1.8
2016-01-03,1.2,5.9,10.3,15.8,1.42,473,31.2
2016-01-04,4.56,25.8,7.5,16.2,1.06,365,2.5
2016-01-05,5.17,32.9,5.7,17.9,1.2,285,0
2016-01-06,5.26,30.6,9,18.9,1.42,501,0
2016-01-07,5.16,24.1,12.5,22.4,1.57,407,0.1
2016-01-08,5.54,22.8,12.4,24,1.57,492,0
2016-01-09,4.24,23.1,9.1,18,1.34,512,0
2016-01-10,4.79,19.8,11.4,18.7,1.11,445,0
2016-01-11,4.99,28.7,8.8,17.6,1.29,494,0
2016-01-12,6.57,31.5,10,25.9,1.62,329,0
2016-01-13,3.32,16.7,11.1,15.7,1.23,411,2
2016-01-14,5.2,28.6,9.1,17.8,1.28,558,0
2016-01-15,5.02,12.7,11.5,25.8,1.32,525,4
2016-01-16,1.62,9.6,11.2,15.8,1.44,218,7.2
2016-01-17,1.68,7.8,13.5,18.2,1.59,257,2.3
2016-01-18,1.1,6.9,11.9,16.3,1.57,149,6.2
2016-01-19,1.9,9.7,13.9,17.5,1.63,359,4.1
2016-01-20,5.65,29.7,13.4,22,1.72,376,0
2016-01-21,5.74,24.5,13.3,27.9,1.61,230,0
2016-01-22,6.89,29.4,13.4,29.7,1.72,259,0
2016-01-23,5.04,17.4,14.9,31.8,1.76,210,0
2016-01-24,1.93,4.9,19.2,23.5,1.99,287,0
2016-01-25,3.03,8.4,16.7,26.9,1.81,267,0.6
2016-01-26,1.85,4.5,13.3,21.4,1.6,393,0.6
2016-01-27,1.28,7.1,12.2,15.2,1.48,377,17.2
2016-01-28,2.58,13.7,11.7,16.6,1.4,352,13.1
2016-01-29,4.01,22.6,10.9,17.4,1.33,345,0
2016-01-30,3.15,16.5,11.2,16.8,1.27,298,0
2016-01-31,4.17,24.8,6.6,20.2,1.34,238,0
2016-02-01,5.9,29.9,12.2,21.8,1.54,448,0
2016-02-02,6.36,28.9,12,29,1.72,221,0.1
2016-02-03,5.41,26.4,11.1,23.5,1.7,524,0
2016-02-04,7.33,27.2,14.8,29.9,1.63,399,0
2016-02-05,3.07,12.6,15.5,21.3,1.65,321,0
2016-02-06,3.17,17,9.4,21.1,1.53,270,0
2016-02-07,3.35,15.2,13.9,20.5,1.57,350,0
2016-02-08,3.86,19.4,15.1,20.8,1.72,334,4.4
2016-02-09,3.9,16.6,14.3,22.5,1.64,381,0
2016-02-10,4.98,28,9.4,19.8,1.42,476,0
2016-02-11,4.45,25.4,9.2,22.7,1.66,276,0
2016-02-12,5.5,25.7,15.4,24.8,1.75,298,0
2016-02-13,2.65,11.8,16,22.1,1.79,223,0
2016-02-14,5.49,26.3,14.1,24.6,1.83,397,0
2016-02-15,6.59,25.3,13.3,30.6,1.54,305,0.1
2016-02-16,6.38,25.1,11.2,29.5,1.51,344,0
2016-02-17,3.72,9.6,17.8,26.5,1.98,526,7.4
2016-02-18,6.16,20.2,16.4,26.7,1.53,491,7
2016-02-19,6.28,20.6,15.9,26.1,1.22,420,0
2016-02-20,6.05,24.5,10.6,29.2,1.52,329,0
2016-02-21,5.14,25.8,9.4,22.4,1.43,451,0
2016-02-22,3.59,20.1,8.3,21.7,1.51,289,0
2016-02-23,3.2,15.5,14.4,21.9,1.72,282,0
2016-02-24,6.29,23.2,14.6,29,1.67,415,0
2016-02-25,5.33,13.8,17.2,31.8,1.66,363,0
2016-02-26,6.54,13.6,17.4,32.1,1.29,458,0
2016-02-27,6.41,22.4,13.6,33.2,1.68,318,0
2016-02-28,4.9,22.8,13.3,22.4,1.57,478,0
2016-02-29,3.02,7.5,10.8,19.2,1.03,393,0
2016-03-01,3.53,20,9.9,16.5,1.04,245,0
2016-03-02,3.85,19.6,11.1,19.5,1.15,250,0
2016-03-03,4.52,20.8,12,20.2,1.4,573,0
2016-03-04,4.38,21.7,6.6,23.2,1.39,427,0
2016-03-05,5.68,20.6,13.5,29.9,1.56,342,0
2016-03-06,5.39,20.5,13,27.8,1.48,361,0
2016-03-07,2.26,8.6,14.1,18.4,1.53,499,0
2016-03-08,2.26,6.7,11,20.5,1.38,410,0.4
2016-03-09,3.58,19.5,9.6,18.4,1.31,480,0
2016-03-10,7.68,17.4,14.1,31.4,1.17,608,0
2016-03-11,3.12,12.2,4.4,15.9,0.92,624,0
2016-03-12,2.87,18.7,0.6,16.6,0.98,386,0
2016-03-13,2.71,15.5,6.8,21.1,1.3,183,0
2016-03-14,3.11,19.5,7.3,20.4,1.51,477,0
2016-03-15,0.81,3.9,11.5,18.1,1.61,375,6.6
2016-03-16,1.03,5,8.2,12,1.06,285,19
2016-03-17,2.52,13.7,9,15.8,1.09,319,0
2016-03-18,2.95,13.9,11.8,19,1.47,602,0
2016-03-19,6.2,18.3,14.9,31.2,1.56,478,0
2016-03-20,5.36,17.9,15.1,30.1,1.55,369,0
2016-03-21,4.91,17,13.3,31.1,1.57,305,0
2016-03-22,3.81,15.7,11.8,29,1.53,190,0
2016-03-23,1.58,9.2,11.5,19.8,1.71,487,0
2016-03-24,3.46,10.1,13.6,26.5,1.77,503,7.8
2016-03-25,2.5,16.1,8.4,17.2,1.22,301,0
2016-03-26,2.4,15.4,7.1,18.2,1.26,303,0
2016-03-27,3.76,17.7,12,22.4,1.46,422,0
2016-03-28,2.29,9.4,13.1,19.1,1.4,364,0
